Counting isolated numbers from N=2 to 2^30 = 1,073,741,824
Using 4 cores

     k            N=2^k       isolated        total N    isolated%
  ----  ---------------  -------------  -------------  -----------
     1                2              1              1     100.000%
     2                4              3              3     100.000%
     3                8              7              7     100.000%
     4               16             11             15      73.333%
     5               32             18             31      58.065%
     6               64             31             63      49.206%
     7              128             58            127      45.669%
     8              256            108            255      42.353%
     9              512            208            511      40.705%
    10            1,024            403          1,023      39.394%
    11            2,048            777          2,047      37.958%
    12            4,096          1,477          4,095      36.068%
    13            8,192          2,851          8,191      34.806%
    14           16,384          5,581         16,383      34.066%
    15           32,768         10,842         32,767      33.088%
    16           65,536         21,024         65,535      32.081%
    17          131,072         41,047        131,071      31.317%
    18          262,144         80,095        262,143      30.554%
    19          524,288        156,805        524,287      29.908%
    20        1,048,576        307,817      1,048,575      29.356%
    21        2,097,152        605,478      2,097,151      28.871%
    22        4,194,304      1,190,592      4,194,303      28.386%
    23        8,388,608      2,342,974      8,388,607      27.930%
    24       16,777,216      4,617,829     16,777,215      27.524%
    25       33,554,432      9,104,079     33,554,431      27.132%
    26       67,108,864     17,960,973     67,108,863      26.764%
    27      134,217,728     35,453,019    134,217,727      26.415%
    28      268,435,456     70,015,110    268,435,455      26.083%
    29      536,870,912    138,355,300    536,870,911      25.771%
    30    1,073,741,824    273,527,461  1,073,741,823      25.474%

  Total time: 7362.4s  (145,840 N/sec)
