Verifying N = 2 to 1,073,741,824
Progress (reported at every power of 2):

  N=            4  |  same-T:             0  |  S1 violations: 0  |  S2 violations: 0  |  S3 violations: 0
  N=            8  |  same-T:             0  |  S1 violations: 0  |  S2 violations: 0  |  S3 violations: 0
  N=           16  |  same-T:             2  |  S1 violations: 0  |  S2 violations: 0  |  S3 violations: 0
  N=           32  |  same-T:             7  |  S1 violations: 0  |  S2 violations: 0  |  S3 violations: 0
  N=           64  |  same-T:            18  |  S1 violations: 0  |  S2 violations: 0  |  S3 violations: 0
  N=          128  |  same-T:            40  |  S1 violations: 0  |  S2 violations: 0  |  S3 violations: 0
  N=          256  |  same-T:            86  |  S1 violations: 0  |  S2 violations: 0  |  S3 violations: 0
  N=          512  |  same-T:           180  |  S1 violations: 0  |  S2 violations: 0  |  S3 violations: 0
  N=        1,024  |  same-T:           373  |  S1 violations: 0  |  S2 violations: 0  |  S3 violations: 0
  N=        2,048  |  same-T:           774  |  S1 violations: 0  |  S2 violations: 0  |  S3 violations: 0
  N=        4,096  |  same-T:         1,624  |  S1 violations: 0  |  S2 violations: 0  |  S3 violations: 0
  N=        8,192  |  same-T:         3,381  |  S1 violations: 0  |  S2 violations: 0  |  S3 violations: 0
  N=       16,384  |  same-T:         6,935  |  S1 violations: 0  |  S2 violations: 0  |  S3 violations: 0
  N=       32,768  |  same-T:        14,224  |  S1 violations: 0  |  S2 violations: 0  |  S3 violations: 0
  N=       65,536  |  same-T:        29,177  |  S1 violations: 0  |  S2 violations: 0  |  S3 violations: 0
  N=      131,072  |  same-T:        59,570  |  S1 violations: 0  |  S2 violations: 0  |  S3 violations: 0
  N=      262,144  |  same-T:       121,388  |  S1 violations: 0  |  S2 violations: 0  |  S3 violations: 0
  N=      524,288  |  same-T:       246,903  |  S1 violations: 0  |  S2 violations: 0  |  S3 violations: 0
  N=    1,048,576  |  same-T:       500,898  |  S1 violations: 0  |  S2 violations: 0  |  S3 violations: 0
  N=    2,097,152  |  same-T:     1,014,412  |  S1 violations: 0  |  S2 violations: 0  |  S3 violations: 0
  N=    4,194,304  |  same-T:     2,053,126  |  S1 violations: 0  |  S2 violations: 0  |  S3 violations: 0
  N=    8,388,608  |  same-T:     4,153,081  |  S1 violations: 0  |  S2 violations: 0  |  S3 violations: 0
  N=   16,777,216  |  same-T:     8,393,046  |  S1 violations: 0  |  S2 violations: 0  |  S3 violations: 0
  N=   33,554,432  |  same-T:    16,951,586  |  S1 violations: 0  |  S2 violations: 0  |  S3 violations: 0
  N=   67,108,864  |  same-T:    34,216,182  |  S1 violations: 0  |  S2 violations: 0  |  S3 violations: 0
  N=  134,217,728  |  same-T:    69,029,924  |  S1 violations: 0  |  S2 violations: 0  |  S3 violations: 0
  N=  268,435,456  |  same-T:   139,204,551  |  S1 violations: 0  |  S2 violations: 0  |  S3 violations: 0
  N=  536,870,912  |  same-T:   280,583,387  |  S1 violations: 0  |  S2 violations: 0  |  S3 violations: 0
  N=1,073,741,824  |  same-T:   565,306,123  |  S1 violations: 0  |  S2 violations: 0  |  S3 violations: 0

=================================================================
  VERIFICATION REPORT: N = 2 to 1,073,741,824
=================================================================

  Consecutive pairs checked : 1,073,741,822
  Pairs with T(N)=T(N+1)   :  565,306,123  (52.648%)
  Pairs with s(N)=s(N+1)   :  565,306,123  (52.648%)
  Pairs with r(N)=r(N+1)   :  565,306,123  (52.648%)
  Pairs with all three equal:  565,306,123  (52.648%)

  Statement 1 (same-T → same-s):
    ✅ NO VIOLATIONS

  Statement 2 (same-s → same-r):
    ✅ NO VIOLATIONS

  Statement 3 (same-r → same-s):
    ✅ NO VIOLATIONS

  Density of same-T pairs  : 0.526482  (~1 in 1.0)

    Streak     Frequency     First start      Last start
  --------  ------------  --------------  --------------
         1   273,527,461               2   1,073,741,824
         2   109,250,315              12   1,073,741,822
         3    58,192,365              28   1,073,741,814
         4    23,161,641             314   1,073,741,788
         5    15,407,052              98   1,073,741,611
         6    12,149,387             386   1,073,741,744
         7     6,031,662             943   1,073,741,752
         8     3,253,176           1,494   1,073,741,680
         9     1,407,874           1,680   1,073,741,104
        10     1,373,472           4,722   1,073,741,524
        11     1,090,583           6,576   1,073,739,824
        12       725,446          11,696   1,073,735,178
        13       499,836           3,982   1,073,738,945
        14       436,137           2,987   1,073,740,360
        15       629,698          17,548   1,073,740,344
        16       278,102          36,208   1,073,741,032
        17       243,380           7,083   1,073,737,985
        18        88,380          59,692   1,073,710,572
        19        99,417         159,116   1,073,740,232
        20       107,715          79,592   1,073,728,074
        21        66,265          57,857   1,073,708,292
        22        67,632         212,160   1,073,683,371
        23        56,960         352,258   1,073,737,296
        24        43,177         221,185   1,073,730,752
        25        40,364          57,346   1,073,740,418
        26        38,094         294,913   1,073,708,856
        27        25,283         252,548   1,073,702,988
        28        16,129         530,052   1,073,566,452
        29        15,604         331,778   1,073,617,804
        30        22,344         524,289   1,073,642,976
        31        19,483       1,088,129   1,073,668,609
        32         9,988         913,319   1,073,558,468
        33         7,745       2,065,786   1,073,704,504
        34         7,111       1,541,308   1,073,567,392
        35         5,194       1,032,875   1,073,711,068
        36         4,849       1,264,924   1,073,608,128
        37         2,978       8,151,894   1,072,917,882
        38         3,436       3,705,089   1,073,231,674
        39         3,665       2,754,368   1,073,558,658
        40         3,173         596,310   1,073,300,512
        41         2,095       2,886,352   1,073,545,552
        42         1,949       4,896,680   1,073,526,696
        43         2,331       3,350,448   1,073,072,708
        44         1,858       3,848,468   1,073,679,728
        45           864      10,514,204   1,072,879,996
        46         1,644       5,803,472   1,073,406,465
        47         1,634       3,247,146   1,073,547,546
        48         1,069      11,442,008   1,073,545,856
        49           969       4,330,040   1,073,406,320
        50           715      10,869,191   1,073,530,908
        51           643       8,263,164   1,071,345,848
        52           683       3,264,428   1,073,517,928
        53           638       6,528,906   1,072,778,826
        54           619       4,585,418   1,072,342,812
        55           701       9,793,384   1,073,233,834
        56           498      12,227,841   1,069,959,432
        57           343      20,525,616   1,072,942,879
        58           227      35,245,057   1,069,828,360
        59           295      48,658,116   1,071,021,856
        60           334       5,158,596   1,071,167,151
        61           268      22,311,169   1,073,545,668
        62           199      70,465,792   1,073,495,072
        63           534      11,606,954   1,073,405,736
        64           196      16,303,787   1,073,406,862
        65           183       5,772,712   1,073,545,594
        66           122      17,410,460   1,070,521,152
        67            80      45,768,044   1,056,290,488
        68            93      77,110,386   1,067,902,520
        69            90      68,699,706   1,067,416,954
        70           101      13,756,304   1,070,999,836
        71           127      36,683,552   1,073,406,520
        72           112     108,236,344   1,068,977,720
        73            72      32,607,574   1,073,499,702
        74            38     146,480,031   1,056,064,398
        75            65      14,690,076   1,058,419,760
        76            61      51,489,056   1,061,865,115
        77            37      13,019,668   1,057,903,898
        78            46     112,497,802   1,056,607,242
        79            44      86,503,338   1,070,914,346
        80            56     103,056,270   1,056,477,332
        81            36      22,781,953   1,057,583,168
        82            24     147,062,528   1,058,788,015
        83            24     140,031,636   1,026,293,420
        84            41     157,806,444   1,047,632,424
        85            33      93,954,388   1,056,134,284
        86            25     148,566,784   1,028,761,888
        87            27     118,151,698   1,069,829,480
        88            26     155,541,864   1,066,066,433
        89            16      18,341,744   1,052,289,552
        90            20     123,808,257   1,002,604,962
        91            14     156,843,424   1,002,455,950
        92            16     138,094,364     961,871,778
        93            10     240,403,978   1,043,994,652
        94            14     237,825,392   1,024,076,322
        95            12     153,783,711   1,045,118,824
        96            13      24,455,681     981,049,376
        97             5     182,262,175     913,248,606
        98             9      98,041,684   1,055,374,748
        99             3     233,312,796     486,016,568
       100             4     284,313,864     989,379,698
       101             8     440,310,588   1,068,361,956
       102             8     271,114,544   1,042,309,474
       103             8     311,585,664   1,014,109,568
       104             6     321,320,961     927,702,872
       105             8     206,112,544   1,067,416,576
       106             4     137,408,360     964,883,112
       107             5     353,975,184     994,375,344
       108             2     386,021,120     782,774,122
       109             3     941,145,772   1,032,245,116
       110             3     759,908,808     962,269,697
       111             6     557,715,969   1,047,711,079
       112             7     642,642,830   1,049,050,364
       113             4     570,765,424   1,068,522,838
       114             4     571,237,262     850,754,544
       115             1   1,029,389,140   1,029,389,140
       116             4     481,378,160     990,667,092
       117             1     826,293,814     826,293,814
       118             1     915,013,056     915,013,056
       119             2     660,465,898   1,028,615,536
       120             4     136,696,632     914,324,903
       121             1   1,043,695,847   1,043,695,847
       124             1   1,026,953,728   1,026,953,728
       125             2     273,393,308     856,148,156
       126             1     546,785,808     546,785,808
       127             3     271,114,753   1,002,849,793
       129             1     836,573,992     836,573,992
       130             2     361,486,064     604,790,612
       131             3     642,641,992   1,062,243,692
       132             2     535,457,128     843,390,824
       133             2     533,708,386   1,043,665,732
       134             3     587,080,784   1,008,301,674
       135             1     951,923,816     951,923,816
       136             2     406,672,385     760,696,376
       143             1     948,814,648     948,814,648
       150             2     901,566,090   1,047,572,330
       152             1     481,981,441     481,981,441
       153             1   1,047,632,555   1,047,632,555
       168             1   1,014,261,852   1,014,261,852
       170             1     856,855,894     856,855,894
       174             1     711,611,184     711,611,184
       176             1     722,067,240     722,067,240
=================================================================

  Total time: 18894.7s  (56,828 N/sec)
